56348
62265
65189
75780
75922
82685
92406
104565
105628
106904
130092
130602
150764
168020
175960
187287
189599
190334
198426
213078
220865
221665
223115
231369
257780
281320
288527
293557
298321
304581
310967
322034
324568
327338
328791
349070
367129
394816
402572
409546
415788
460844
470430
477360
483835
485340
488059
518156
518653
521293
532372
541179
555872
556900
563193
567420
581823
597857
599115
606678
610012
623418
641302
660841
660916
667523
680613
682468
688388
699860
707654
709085
723050
747952
750040
758925
765205
780713
785235
797642
823495
824722
826542
837551
844449
869789
870500
889712
895177
895407
899454
902902
916330
926092
935014
939687
950423
953799
982131
996808
