31260
34047
35095
41097
45179
52138
59457
70913
80155
82413
84139
87581
87941
97624
119649
119974
122244
146751
147539
148975
150372
157057
176028
183178
184958
196208
212451
218424
232222
234629
244924
247172
253684
266302
267954
270129
275899
291187
293900
295601
298138
324288
324481
341794
354421
355581
364268
370001
370367
371149
386372
387163
399486
407879
411517
422551
452693
453722
459179
462806
470194
474707
483700
486297
489955
499004
513726
519433
522676
528400
537186
543040
578308
585595
605308
640831
646442
657495
657860
695879
700137
703179
709159
718717
738335
799480
820825
832894
836949
840873
856202
861981
874546
900189
953930
955976
956228
967752
969136
977348
