30668
41875
52266
55172
75729
81323
82115
91595
106651
109796
113183
142913
151384
155951
158421
183498
188348
191774
196632
202325
207576
211945
223003
241116
243734
255359
257011
259196
260166
267668
268475
268513
294278
300326
302449
316306
347679
369025
378764
378838
379350
384068
396074
412245
416615
433276
453650
462216
502385
510024
517766
518781
524577
528557
535546
541791
550714
585832
615479
617944
633924
640470
643375
649326
652146
664885
673860
685091
701444
720301
720540
720851
725710
755764
765224
774930
782030
790099
793927
801317
845104
848766
849776
853758
883499
889275
892734
896838
898723
910789
920396
920763
928240
929360
933646
937119
948009
948474
957331
963655
