5529
11251
24234
33760
41193
57176
76240
92543
108304
114863
115468
119058
121307
155833
182117
203026
204747
227801
229598
230818
239821
241481
264709
276515
277518
279432
281172
282237
289759
302892
306455
318279
321215
322100
325438
348424
361305
367978
373960
409808
411614
411697
417484
423514
430693
443224
451825
462982
464659
470508
472479
480534
507644
523847
545266
550635
589985
602466
603878
605139
615333
616924
621130
621157
623128
626956
652294
656421
658177
677927
689388
715311
717719
719134
727136
733842
739400
759870
770890
795264
797209
802200
802446
826517
840454
846072
850495
866490
875482
895000
914294
927285
930954
933490
938044
948290
973332
984028
998261
998888
