4365
15988
24220
45723
62808
75189
99112
103864
126768
159316
159936
176608
178555
194729
197106
225087
231564
239884
251940
258897
263847
264573
266173
269714
288921
326266
328627
340095
352144
360533
363074
370529
380983
383165
397683
401315
406905
417386
448969
452097
452143
465889
471348
475081
480666
481364
482935
490600
494919
495419
500822
500989
505462
522472
531387
544554
581110
600658
603823
618073
648986
650033
651443
664467
675566
675798
687910
694010
713128
713311
715278
716154
723542
728973
739088
750348
752225
763530
768749
795301
825627
840263
842782
844652
846514
868341
873386
887393
904943
909492
915156
916966
933786
937908
958689
960263
973160
978122
980822
999873
